10123 10180
10212 10321
10332 10684
10447 10738
10499 10820
10501 11085
10565 11307
10792 11580
10821 11601
10840 11676
11501 11733
11527 11818
11620 11938
11635 12056
11763 12223
11773 12284
11873 12469
11922 12527
12155 12527
12274 12527
12310 12527
12415 12527
12527 12527
12531 12527
12555 12527
12579 12527
12739 12527
12741 12527
12757 12527
12864 12527
13027 12527
13081 12527
13109 12527
13292 12527
13325 12527
13405 12527
13445 12527
13469 12529
13487 12743
13660 13027
13681 13027
13760 13027
13779 13027
13900 13027
14006 13027
14080 13027
14088 13027
14184 13027
14393 13027
14449 13027
14546 13027
14567 13027
14604 13027
14634 13027
14671 13027
14750 13027
15068 13027
15104 13027
15135 13272
15259 13317
15334 13377
15396 13378
15494 13383
15506 13395
15656 13647
16112 13896
16132 13899
16148 13900
16190 13900
16269 13900
16369 13900
16374 13900
16535 13900
16622 13900
16715 13935
16763 14006
16864 14006
16975 14006
17033 14006
17072 14006
17073 14006
17220 14006
17386 14006
17585 14006
17624 14006
17627 14006
17725 14006
17776 14006
17790 14006
17838 14006
17900 14006
17965 14006
18222 14006
18412 14006
18687 14006
18696 14254
18726 14314
18833 14428
18848 14960
18953 14987
19000 15068
19058 15068
19115 15068
19136 15112
19255 15121
19496 15282
19621 15656
19643 15656
19946 15656
19960 15656
19978 15656
19979 15656
20067 15656
20081 15656
20091 15656
20142 15674
20218 15691
20222 15950
20447 16174
20477 16259
20487 16267
20493 16344
20499 16367
20558 16433
20602 16520
20669 16572
20711 16635
20897 16652
20958 16672
21052 16748
21075 16829
21171 16945
21224 17260
21290 17366
21431 17417
21576 17506
21586 17839
21645 17863
21675 17979
21932 18071
21975 18073
21991 18169
21993 18222
22050 18222
22106 18222
22191 18222
22359 18222
22409 18222
22547 18280
22583 18414
23249 18593
23295 18823
23306 18935
23332 18937
23425 18953
23429 18953
23560 18953
23760 18953
23778 18953
23788 19173
23798 19396
23889 19569
23942 19584
24109 19590
24166 19628
24258 19895
24276 20097
24375 20602
24428 20602
24557 20637
24570 20762
24699 20787
24718 20788
24845 20819
24938 21053
25094 21386
25175 21390
25218 21620
25377 21627
25491 21765
25576 21774
25601 21818
25664 21855
25697 21861
25736 21932
25738 21932
25759 21932
25785 22005
25849 22092
25891 22202
25908 22799
26029 22994
26209 23114
26289 23221
26489 23377
26503 23425
26593 23618
26601 23656
26613 23781
26741 23805
26844 23978
26945 24249
26961 24455
27254 24545
27288 24662
27335 24749
27585 24886
27636 25091
27689 25188
27706 25201
27781 25538
27954 25602
28218 25728
28286 25730
28297 25891
28351 25891
28399 25891
28498 25891
29037 25891
29077 25891
29227 25891
29239 25891
29302 25919
29366 25974
29377 26071
29390 26247
29393 26610
29461 26767
29509 26861
29570 27340
29587 27385
29710 27433
29771 27438
30050 27491
30067 27608
30104 27810
30119 27829
30412 27996
30486 28161
30590 28319
30656 28332
30882 28656
30917 28885
31226 29559
31285 29593
31357 29710
31692 29710
31715 29710
31967 29710
32002 29710
32003 29710
32038 29710
32049 29710
32100 29710
32132 29710
32301 29710
32418 29751
32582 30033
32616 30076
32625 30272
32658 30399
32758 30734
32776 30755
32825 30826
32874 31039
32909 31057
32935 31443
33035 31532
33053 31825
33257 32003
33281 32003
33651 32003
33698 32003
33739 32003
33830 32003
33833 32110
33877 32111
33881 32131
34014 32549
34146 32699
34392 32794
34486 33330
34514 33452
34619 33500
34690 33519
34701 33862
34750 33894
34807 34488
35197 34709
35398 34850
35430 34883
35432 35212
35677 35225
35753 35520
35755 35599
35786 35963
35814 36106
35932 36445
36042 36481
36070 36499
36090 36550
36165 36870
36198 36887
36381 36908
36427 36961
36522 37296
36648 37685
36732 37763
36747 37792
36753 37853
36754 37964
37040 38209
37116 38247
37343 38302
37482 38628
37693 39032
37875 39122
37988 39207
38106 39312
38230 39334
38301 39355
38597 39355
38623 39355
38641 39373
38714 39657
38723 39700
38814 39848
38879 39931
38976 40145
39002 40408
39220 40408
39261 40408
39355 40408
39442 40408
39476 40408
39583 40408
39846 40408
40023 40408
40122 40408
40158 40408
40288 40408
40408 40408
40518 40408
40541 40408
40608 40408
40699 40408
40789 40588
40842 40735
40852 41212
40881 41314
41035 41387
41063 41417
41114 41621
41198 41638
41268 41805
41270 41857
41316 42151
41811 42235
41982 42365
42155 42882
42247 42967
42366 43106
42451 43710
42483 43716
42614 43800
42647 44211
42785 44410
42984 44620
43192 44770
43312 44791
43424 44903
43526 45215
43549 45246
43652 45342
43705 45629
43755 45689
43806 46470
43892 46470
44096 46470
44124 46470
44133 46470
44139 46470
44142 46470
44252 46470
44312 46470
44529 46583
44697 46710
44841 46882
44863 46955
44874 46955
44963 46960
45207 47003
45305 47163
45796 47408
45981 47621
46002 47764
46016 47861
46042 47915
46175 48149
46213 48177
46297 48245
46401 48318
46470 48592
46483 48603
46648 48674
46955 48681
47203 48954
47284 48986
47309 49375
47335 49421
47348 49534
47373 49745
47731 49766
47898 49834
47976 49958
48008 50116
48178 50466
48199 50523
48200 50560
48427 50714
48493 50770
48512 50770
48561 50770
48633 50770
48812 50770
48829 50770
48939 50770
48966 50770
49023 50770
49032 50770
49108 50770
49109 50770
49173 50770
49414 50770
49430 50858
49437 50953
49520 51111
49614 51149
49639 51218
49725 51227
49851 51410
49942 51410
49973 51410
50134 51410
50213 51410
50236 51410
50345 51410
50383 51410
50417 51410
50522 51410
50738 51410
50770 51410
50853 51410
50869 51410
50908 51529
50933 51594
50935 51625
51036 51980
51086 52016
51144 52050
51174 52179
51200 52457
51277 52956
51334 53054
51356 53062
51410 53276
51427 53396
51539 53756
51791 53902
52046 54003
52060 54109
52129 54195
52172 54258
52502 54566
52560 54727
52615 54727
52652 54727
52664 54727
52710 54727
52819 54727
52835 54727
52939 54727
53021 54727
53478 54727
53612 54727
53656 54727
53704 54727
53735 54727
53743 54727
54025 54727
54278 54727
54298 54727
54652 54762
54666 54979
54727 54996
54759 55003
54830 55419
54891 55419
55057 55419
55107 55419
55419 55419
55492 55419
55533 55499
55557 55534
55574 55692
55606 55700
55830 55721
55901 55899
55954 55995
56023 56028
56034 56086
56098 56329
56150 56463
56154 56656
56407 56661
56450 56893
56471 57040
56563 57082
56623 57155
56721 57573
56749 57575
56811 57578
56813 57627
56886 57779
56952 57914
56975 57980
57089 58298
57174 58298
57213 58387
57291 58400
57461 58527
57466 58773
57989 58950
58082 58953
58083 59070
58090 59506
58153 59721
58298 59761
58308 59826
58626 59932
58632 59948
58802 59949
58826 60150
58894 60326
58937 60331
58999 60521
59027 60749
59127 60863
59166 60959
59429 61122
59430 61141
59491 61292
59514 61306
59645 61384
59700 61462
59730 61626
59774 61791
59782 62691
59903 62810
59955 63057
60005 63294
60012 63325
60079 63343
60092 63535
60132 63579
60134 63687
60137 63928
60152 64316
60154 64609
60174 64859
60247 64924
60268 65046
60407 65132
60443 65147
60505 65335
60707 65414
60756 65424
60916 65436
60941 65569
60966 65569
61075 65569
61114 65569
61202 65569
61245 65569
61287 65569
61456 65569
61472 65616
61490 65689
61496 65780
61504 65829
61518 66032
61624 66095
61641 66470
61696 66813
61935 67002
61997 67102
62042 67143
62161 67143
62175 67143
62477 67143
62567 67146
62980 67170
63075 67289
63098 67328
63167 67543
64015 67545
64188 67663
64260 67840
64437 67870
64520 67876
64522 67999
64723 68133
64760 68530
64930 68570
64942 68636
64952 68826
64973 68874
65181 68917
65224 69153
65350 69336
65556 69817
65569 69962
65600 70196
65784 70249
65812 70249
66107 70249
66242 70249
66321 70249
66428 70249
66446 70249
66594 70249
66661 70249
66711 70249
66920 70249
66927 70249
67026 70249
67040 70249
67143 70249
67149 70249
67369 70249
67526 70249
67551 70249
67621 70249
67665 70279
67675 70404
67678 70647
67747 70661
67827 70816
67849 70902
68087 70954
68147 71126
68169 71414
68219 71729
68228 71734
68321 71777
68500 71850
68529 71880
68678 71902
68698 71902
68786 71902
68889 71902
68890 71902
68953 71902
68957 71902
68984 71902
69005 71902
69011 71902
69092 71939
69107 72238
69156 72845
69199 72968
69229 73081
69307 73094
69393 73108
69527 73338
69560 73356
69573 73422
69622 73422
69853 73422
69895 73422
69957 73422
69982 73422
70009 73422
70108 73446
70196 73498
70225 73542
70249 73677
70268 73695
70303 73784
70308 73860
70347 73945
70353 73969
70377 74220
70587 74262
70617 74341
70733 74438
70737 74923
70755 75015
70762 75060
70801 75286
70853 75367
70883 75381
70936 75599
71135 75765
71146 76045
71194 76089
71411 76111
71435 76135
71804 76224
71821 76265
71902 76366
72019 76443
72206 76612
72219 76625
72264 76667
72301 76706
72352 76753
72417 76838
72532 77012
72604 77072
72665 77114
72719 77122
72752 77337
72925 77525
73031 77603
73421 77727
73422 77770
73524 77883
73594 77912
73616 77912
73648 77912
73961 77912
74145 77912
74208 77912
74297 77912
74415 77912
74434 77912
74443 77912
74560 77912
74563 77912
74601 77912
74854 77989
75213 78016
75279 78414
75338 78562
75388 78604
75574 78654
75575 78863
75645 79020
75660 79079
75796 79434
75889 79463
75946 79480
76088 79583
76117 79665
76187 79752
76547 79761
76570 79770
76585 79895
76595 79965
76691 80023
76963 80590
77115 80845
77159 80883
77170 80925
77270 80979
77297 81235
77314 81306
77388 81341
77565 81538
77834 81641
77836 81723
77912 81902
78045 81993
78076 82051
78162 82107
78325 82268
78330 82323
78520 82395
78583 82430
78606 82431
78795 82440
78836 82577
78906 82580
78992 82656
79014 82748
79016 82834
79038 82884
79069 82897
79091 82908
79111 83046
79596 83051
79620 83509
79881 83853
79940 83878
79952 84035
80005 84079
80368 84142
80503 84251
80579 84506
80656 84555
80916 84691
80976 85083
80997 85100
81115 85100
81304 85100
81411 85100
81592 85100
81593 85100
81734 85100
81823 85100
81908 85100
82637 85100
82784 85214
82893 85412
82947 85416
83018 85500
83104 85508
83113 85720
83149 85721
83171 85833
83178 85843
83318 86026
83466 86091
83650 86226
83692 86270
83736 86562
83766 86649
83899 86649
83935 86649
84057 86649
84166 86649
84252 86649
84260 86649
84314 86649
84587 86649
84689 86649
84751 86649
84778 86649
84806 86649
84916 86649
85044 86649
85100 86681
85444 87109
85560 87183
85749 87360
85775 87402
85936 87544
85985 87668
86101 87850
86187 88061
86362 88168
86374 88293
86400 88536
86432 88536
86459 88536
86515 88536
86631 88536
86645 88536
86649 88536
86847 88536
87045 88536
87087 88536
87107 88536
87156 88536
87180 88536
87413 88536
87479 88536
87699 88536
87719 88567
87738 88572
87817 88727
88075 88727
88128 88727
88162 88727
88354 88727
88438 88727
88536 88727
88557 88727
88727 88727
88805 88727
89061 88727
89148 88727
89175 88727
89231 88727
89299 88727
89645 88727
89699 88727
89774 88782
90012 89000
90063 89066
90401 89211
90402 89325
90435 89500
90512 89957
90577 90096
90684 90182
90797 90392
90912 90481
90993 90870
91113 90872
91129 91424
91213 91619
91367 91644
91392 91685
91423 91933
91453 92009
91476 92280
91626 92387
91660 92407
91741 92442
91812 92766
91814 93243
91829 93265
91950 93348
91988 93383
92032 93412
92236 93723
92309 93723
92404 93723
92436 93723
92534 93723
92593 93723
92628 93723
92750 93723
92801 93723
92891 93723
93256 93723
93565 93723
93586 93723
93723 93723
93735 93823
94015 93865
94156 93886
94162 93963
94245 94013
94256 94071
94345 94182
94384 94311
94473 94319
94606 94363
94744 94468
94847 94594
94907 94644
95067 94687
95319 94713
95628 94750
95662 94844
95962 94963
96019 95399
96092 95457
96289 95582
96322 95654
96399 95903
96495 95950
96598 96019
96707 96019
96708 96019
96718 96019
96893 96019
97024 96019
97066 96019
97075 96019
97106 96019
97113 96019
97197 96019
97371 96019
97372 96173
97471 96361
97618 96712
97701 96845
97794 97383
97796 97556
97943 97560
97952 97565
98000 97579
98065 97763
98183 98404
98196 98484
98213 98662
98314 98681
98468 99038
98469 99051
98506 99252
98669 99319
98827 99460
98878 99483
98941 99566
98972 99699
99054 99914
99115 99914
99306 99914
99476 99914
99512 99914
99568 99914
99720 99914
99742 99914
99797 99914
99835 99914
99914 99914

Total absolute difference: 2264607
